0
3
11
16
0.0
0.0
0
levels/level1.txt
33333333333333333333333311111111113111111111133233313333131333313332331333133331313333133313311111111111111111111133133313133333331313331331111131111311113111113333331333313133331333333333313111111111313333333333131333333313133333111111113333333111111113333313133333331313333333333111111111111133333333331313333333131333333111111111131111111111331333133331313333133313321131111110111111311233331313133333331313133331111131111311113111113313333333313133333333133111111111111111111111333333333333333333333333
15,13,0.0,1.0;10,15,0.0,1.0;7,13,0.0,1.0;10,14,0.0,1.0;
